100 0.664181122
150 0.664568866
200 0.6659094
250 0.665439216
300 0.666838671
350 0.66778403
400 0.667659089
450 0.667298294
500 0.667848306
750 0.667727691
1000    0.667523599
1250    0.66737711
1500    0.667613854
1750    0.66784731
2000    0.667662159
2250    0.667510484
2500    0.667565408
2750    0.66779989
3000    0.667857375
3250    0.667833763
3500    0.667801473
3750    0.667833869
4000    0.667706646
4250    0.667692297
4500    0.667717403
4750    0.667728286
5000    0.667843902
5250    0.667773513
5500    0.667735642
5750    0.667634058
6000    0.667648461
6250    0.667720803
6500    0.667726956
6750    0.667712959
7000    0.6676761
7250    0.667698446
7500    0.667700464
7750    0.667697492
8000    0.667696312
8250    0.667650054
8500    0.667725112
8750    0.667739744
9000    0.667746906
9250    0.667685393
9500    0.667724977
9750    0.667741641
10000   0.667762437
11000   0.667703817
12000   0.66778803
13000   0.667808748
14000   0.667809146
15000   0.667847063
16000   0.667891727
17000   0.667904442
18000   0.667900731
19000   0.66786941
20000   0.667849841
21000   0.667812907
22000   0.667782238
23000   0.667820303
24000   0.667821299
