100 0.648438609
150 0.649064704
200 0.649064721
250 0.650028933
300 0.650789876
350 0.651550067
400 0.65170442
450 0.652070101
500 0.652061254
750 0.652766255
1000    0.652679334
1250    0.653112712
1500    0.65323233
1750    0.653286882
2000    0.653238712
2250    0.65335354
2500    0.65331958
2750    0.653214533
3000    0.653305861
3250    0.653239335
3500    0.65329689
3750    0.653269414
4000    0.653290851
4250    0.653403458
4500    0.653445343
4750    0.653450728
5000    0.653443001
5250    0.653453706
5500    0.653390477
5750    0.653421329
6000    0.653400698
6250    0.653451441
6500    0.653491818
6750    0.653564216
7000    0.653624992
7250    0.65362984
7500    0.653605881
7750    0.653618633
8000    0.653630132
8250    0.653644554
8500    0.653695794
8750    0.653690313
9000    0.653733477
9250    0.653724908
9500    0.653742835
9750    0.653682556
10000   0.653700901
10250   0.653714436
10500   0.653688752
10750   0.653744395
11000   0.653698526
11250   0.653706534
11500   0.653710695
11750   0.653699034
12000   0.653685692
12250   0.653704821
12500   0.653742823
13000   0.653745513
14000   0.653757558
15000   0.653768863
16000   0.653779929
17000   0.653836206
18000   0.653917715
19000   0.653940489
20000   0.653962548
21000   0.6539712
22000   0.653966937
23000   0.653967677
24000   0.653980351
25000   0.654003323
