100 0.635175653
150 0.636414307
200 0.63645993
250 0.637790607
300 0.637225749
350 0.637567903
400 0.637631049
450 0.638026162
500 0.638519125
750 0.638643185
1000    0.639120611
1250    0.639147368
1500    0.639267823
1750    0.639571726
2000    0.63946758
2250    0.639612734
2500    0.639449335
2750    0.639438035
3000    0.639394751
3250    0.639455918
3500    0.63950417
3750    0.639513916
4000    0.639547424
4250    0.639569854
4500    0.639547011
4750    0.639596351
5000    0.639541831
5250    0.639479392
5500    0.639553751
5750    0.639491639
6000    0.639432125
6250    0.639454924
6500    0.639445546
6750    0.639499938
7000    0.639513314
7250    0.639487953
7500    0.639530028
7750    0.639508644
8000    0.639529469
8250    0.639596342
8500    0.639534378
8750    0.639559963
9000    0.639550419
9250    0.639605024
9500    0.639550343
9750    0.639536754
10000   0.639551471
10250   0.639547534
10500   0.63951892
10750   0.639507255
11000   0.63955121
11250   0.639553019
11500   0.639578235
11750   0.639574217
12000   0.639608445
12250   0.639626091
13000   0.639602165
14000   0.639503145
15000   0.639448976
16000   0.639438784
17000   0.639416237
18000   0.639432468
19000   0.639413432
20000   0.63942443
21000   0.639395739
22000   0.63939198
23000   0.639385438
24000   0.639386325
25000   0.63940353
